A: [736, 2260, 1235, 1073, 679]
B: [908, 81, 334, 242, 59]
C: [920, 176, 392, 406, 127]
D: [681, 84, 390, 471, 822]
E: [303, 1626, 882, 2323, 1519]
F: [595, 24, 178, 233, 82]
G: [637, 75, 362, 422, 143]
H: [488, 544, 120, 235, 367]
I: [165, 1380, 1047, 880, 280]
J: [202, 11, 46, 29, 3]
K: [375, 95, 268, 500, 257]
L: [575, 697, 848, 771, 475]
M: [693, 188, 510, 402, 182]
N: [325, 345, 962, 786, 530]
O: [262, 2093, 989, 696, 388]
P: [857, 228, 363, 418, 147]
Q: [78, 15, 13, 2, 4]
R: [628, 940, 1197, 716, 673]
S: [1560, 93, 531, 515, 3950]
T: [815, 239, 615, 897, 726]
U: [189, 1185, 666, 401, 67]
V: [242, 52, 240, 155, 4]
W: [411, 163, 271, 128, 64]
X: [16, 57, 133, 12, 70]
Y: [181, 267, 213, 108, 1297]
Z: [105, 29, 142, 126, 32]
